0
0
0
2
5
6
6
7
10
10
12
12
12
13
14
14
15
15
18
19
21
22
22
23
23
25
26
26
26
27
28
28
31
31
32
34
35
36
36
36
38
38
39
40
41
41
44
46
46
48
49
50
52
53
55
56
57
57
59
59
60
60
64
65
66
67
68
68
69
69
69
69
69
70
71
75
75
76
78
78
79
80
81
82
84
86
89
89
89
90
92
93
93
93
94
95
95
95
96
96
97
98
98
100
103
103
105
106
107
111
111
113
113
113
114
114
119
119
119
120
122
123
127
127
127
129
129
129
131
134
135
135
136
137
137
138
140
140
143
146
146
147
147
147
148
150
152
153
153
154
157
157
157
158
158
161
162
166
172
174
174
175
175
176
176
176
177
177
179
181
182
183
183
184
187
187
190
191
193
194
195
197
197
198
198
201
202
203
203
205
205
208
208
208
209
209
210
211
211
212
213
214
215
216
219
220
220
220
220
221
221
222
222
225
226
226
227
227
227
228
228
231
231
233
233
233
235
235
237
241
242
242
245
246
247
248
248
250
250
254
255
256
257
260
261
262
262
263
263
263
264
265
265
266
266
270
270
271
272
273
276
276
277
278
278
278
279
282
283
284
284
287
287
288
288
289
289
289
289
290
291
291
291
291
291
292
293
299
299
300
300
300
300
301
302
302
302
303
304
305
307
307
309
309
309
311
313
316
317
317
317
318
318
318
320
322
322
322
324
325
325
325
326
327
329
329
329
330
333
334
334
335
337
340
341
342
342
343
344
344
345
346
346
347
347
348
350
350
351
352
353
354
354
356
356
357
357
358
358
359
359
359
359
360
360
362
363
364
365
366
367
368
368
369
370
370
370
370
371
371
371
372
373
374
380
381
383
384
385
385
385
386
386
387
388
388
388
390
390
391
392
394
394
396
397
400
401
403
403
404
405
406
406
408
411
416
417
419
420
420
420
420
421
421
426
427
428
429
430
430
430
431
431
432
433
433
434
435
437
438
439
442
444
445
448
448
449
450
451
452
453
453
454
454
456
456
457
457
457
458
460
462
465
465
466
468
469
470
471
473
473
473
476
476
476
477
477
478
478
479
479
480
480
481
481
482
483
483
485
485
486
488
488
489
490
490
492
492
492
493
494
494
494
494
495
496
496
496
498
499
499
499
501
502
502
504
505
506
508
510
510
511
512
513
514
514
515
515
518
518
519
519
521
521
521
523
524
526
526
526
530
530
531
531
531
533
535
536
536
537
537
538
540
541
541
542
543
544
544
544
545
548
548
549
551
551
551
552
553
555
555
556
556
557
559
560
560
561
561
563
563
564
565
566
567
570
571
571
573
575
575
575
575
576
576
576
576
578
580
580
583
585
586
587
589
590
590
593
594
594
595
596
596
599
600
600
600
606
606
609
611
612
613
613
613
616
618
622
623
623
624
624
625
627
629
629
630
632
632
633
634
634
634
635
635
636
637
638
638
638
639
639
640
640
644
646
650
650
650
651
651
652
653
653
653
655
656
656
656
657
657
657
658
659
659
661
662
662
663
663
664
664
666
666
668
669
671
672
673
676
677
678
681
681
681
681
682
682
682
685
686
686
688
688
690
690
690
691
692
692
693
694
694
695
696
696
696
697
698
699
700
701
702
703
703
703
704
704
705
705
709
710
712
714
715
717
718
718
718
720
721
722
723
724
725
726
727
727
728
731
732
732
732
734
736
736
738
739
739
739
740
741
742
745
745
746
746
746
747
747
748
751
752
753
755
756
756
757
757
758
758
759
760
760
761
762
762
764
766
768
769
770
770
770
771
772
772
776
778
779
779
780
780
782
784
784
784
785
786
791
792
796
796
796
798
803
803
804
805
805
805
806
810
810
811
811
811
811
813
813
815
819
819
820
821
822
825
825
826
826
827
828
829
830
831
837
838
839
841
843
843
843
844
844
845
846
846
847
847
847
850
852
853
853
853
855
857
857
858
860
862
866
866
866
867
868
869
871
873
876
877
877
878
878
878
879
880
881
882
882
882
883
884
884
885
886
889
891
894
895
895
897
897
898
898
899
900
900
901
901
901
902
902
907
908
910
911
912
916
919
919
919
920
921
922
923
923
924
925
925
926
926
926
927
931
932
932
934
934
936
936
938
939
940
940
941
942
942
943
943
945
947
950
953
954
955
956
956
959
962
963
964
965
966
967
967
968
968
969
970
970
973
975
975
976
976
977
977
977
978
979
981
982
985
986
986
986
987
987
987
990
990
991
992
994
996
997
998
998
999
