26
421
219
520
344
775
776
0
480
765
852
922
626
569
923
869
468
469
565
931
599
783
544
781
240
244
183
52
114
106
86
497
267
369
903
663
490
795
789
311
264
454
214
835
19
777
773
878
330
429
62
281
762
813
822
719
541
614
990
748
773
96
848
306
222
203
250
3
973
919
458
298
907
582
793
470
127
278
675
275
430
723
601
413
938
702
96
933
643
633
166
427
508
318
633
619
855
77
162
231
880
595
426
739
687
340
53
842
793
452
413
875
909
53
717
162
223
458
815
606
551
811
287
548
918
715
556
349
873
615
693
279
529
229
120
302
459
333
126
591
133
194
404
738
862
792
584
795
957
728
972
912
15
144
808
88
262
941
916
733
161
536
591
191
566
227
718
524
130
905
204
144
263
228
854
571
374
53
563
638
781
267
124
139
589
684
438
32
822
157
898
484
795
658
956
634
459
626
758
283
2
937
424
478
396
3
956
181
101
870
957
384
131
874
490
229
295
31
437
59
827
334
885
57
308
802
587
444
573
686
860
898
578
928
780
721
581
722
779
702
373
785
804
103
847
414
907
76
506
535
197
904
900
933
822
449
656
620
21
180
981
90
292
159
736
621
833
191
442
145
228
640
732
573
86
679
864
992
954
910
775
407
588
985
646
242
123
416
978
861
160
357
391
415
722
606
532
759
519
829
151
46
776
919
922
927
550
191
337
936
209
654
901
373
285
900
530
586
554
603
628
428
881
178
930
744
930
921
856
327
504
0
124
222
21
490
645
847
44
343
894
928
926
750
791
967
368
213
479
738
38
927
21
834
613
404
750
754
316
901
695
837
271
415
529
444
484
963
154
904
98
221
337
271
931
835
455
867
592
815
291
135
746
499
295
92
145
912
992
472
171
370
227
430
691
588
754
976
837
860
335
68
709
594
643
109
724
37
462
618
109
214
967
488
346
362
840
159
131
432
942
276
394
18
995
781
627
801
437
160
442
455
652
826
319
743
364
217
980
461
137
530
758
757
562
15
0
570
729
391
622
504
813
901
662
964
253
990
971
75
475
935
95
491
626
112
38
88
493
78
484
280
366
573
81
999
494
218
491
56
904
81
741
395
170
558
665
466
552
677
526
506
798
556
485
860
284
389
859
551
983
781
780
615
818
193
365
269
593
223
525
684
849
500
721
887
912
222
183
989
78
509
515
615
391
187
465
135
884
459
264
253
507
724
668
224
937
58
34
628
281
666
336
461
193
280
287
338
640
642
575
986
358
373
37
208
192
413
9
674
273
0
12
679
422
252
689
455
845
33
69
325
977
812
15
832
860
674
549
492
198
34
399
980
272
939
248
348
980
692
704
364
337
528
994
790
938
542
861
810
71
306
740
75
358
702
344
259
851
777
371
914
964
476
667
396
726
768
213
715
373
315
378
204
840
178
799
963
360
501
638
934
806
153
531
530
79
126
10
76
606
566
93
162
268
116
541
507
306
552
932
359
744
181
476
211
996
165
544
872
250
367
903
535
867
198
758
860
47
859
413
960
213
436
437
894
913
936
114
850
376
38
371
42
810
729
616
566
697
738
60
178
429
281
554
66
540
794
687
212
12
751
530
990
308
89
144
394
515
783
18
954
370
989
314
289
67
331
30
635
794
589
152
717
719
716
475
540
21
602
460
367
840
143
75
825
798
250
63
608
891
493
659
104
814
119
328
230
903
307
623
684
484
985
219
865
534
556
410
536
431
488
88
610
34
540
236
131
896
901
226
659
458
218
589
881
183
811
413
214
791
201
679
18
786
826
722
510
510
505
257
21
325
652
906
476
876
465
759
668
455
135
168
24
245
589
983
398
694
699
742
910
980
1
444
5
752
696
102
749
826
928
366
143
640
444
420
315
705
138
840
844
158
841
683
986
987
30
594
356
607
786
902
729
516
920
956
285
618
688
999
472
373
394
331
479
609
835
67
785
370
834
534
897
378
432
213
233
905
494
222
625
890
879
234
962
986
771
67
640
429
95
570
631
784
605
256
162
371
570
542
557
976
581
885
534
634
504
585
756
360
139
539
140
149
676
688
830
703
955
63
787
329
88
743
680
570
283
381
682
357
459
503
27
621
109
366
80
915
171
687
321
421
44
328
823
477
332
273
996
782
225
741
166
830
145
371
729
80
403
184
642
809
730
998
744
637
794
2
694
684
138
240
925
481
382
189
378
725
29
921
453
768
797
531
95
380
122
137
219
985
735
58
197
556
718
856
7
208
602
77
875
878
564
2
606
478
695
294
950
631
720
939
162
709
674
956
450
201
515
352
966
888
252
381
545
458
701
350
63
243
846
42
841
963
817
217
778
550
302
670
247
806
972
679
149
418
377
316
565
75
873
481
382
404
830
776
670
219
267
621
59
787
441
936
319
380
236
842
136
593
629
987
941
731
588
164
612
339
79
770
726
452
380
430
332
297
94
92
340
33
867
516
509
224
873
189
256
85
821
1
324
569
653
895
308
268
288
634
631
931
181
863
576
229
199
645
914
943
181
731
40
681
323
583
960
475
458
737
451
743
232
739
490
909
284
960
713
754
811
150
743
398
816
586
489
757
579
328
204
752
503
89
126
542
142
488
498
628
599
692
450
625
677
44
287
458
505
471
842
193
688
595
722
685
367
369
84
577
457
301
508
763
551
470
626
808
218
704
36
512
855
731
81
291
321
653
225
454
311
163
729
924
13
721
148
799
597
355
951
794
276
784
160
128
496
752
37
547
961
986
543
416
256
6
865
41
403
461
884
278
342
718
861
389
713
654
586
817
350
781
871
72
58
587
888
639
600
569
715
842
649
118
213
162
466
159
812
408
780
869
90
83
138
358
584
193
684
261
818
357
386
301
168
462
749
217
351
529
353
836
63
459
981
898
195
197
107
186
978
480
381
663
55
553
726
362
260
40
304
900
886
41
535
512
150
646
393
180
42
355
757
756
828
174
632
571
295
463
47
993
355
908
525
355
307
204
867
522
509
768
316
13
586
342
351
225
606
718
579
873
279
456
216
386
920
80
573
24
776
700
394
336
967
5
486
476
413
398
639
990
117
989
274
986
989
741
266
136
983
717
109
305
379
233
779
671
967
865
437
396
348
550
363
330
848
956
384
130
881
183
853
750
758
875
368
869
80
272
133
423
828
804
719
546
6
923
73
6
381
128
852
816
790
76
812
933
947
0
977
136
537
56
483
773
329
184
327
812
418
175
608
266
478
917
186
864
325
145
715
308
540
724
321
506
369
181
365
84
89
54
218
374
971
427
615
980
762
728
991
470
586
167
12
990
815
812
620
231
732
469
818
40
2
176
825
977
525
343
236
401
989
215
360
167
243
302
5
277
470
263
653
861
142
714
79
694
605
451
511
392
617
73
172
207
499
573
260
17
617
961
191
866
289
744
423
774
368
617
532
745
714
560
387
217
354
889
565
67
681
292
675
777
672
415
737
443
946
192
986
260
466
433
129
254
919
672
36
18
178
208
840
579
841
966
252
126
838
241
952
735
586
710
149
779
957
954
739
89
750
502
294
673
557
675
606
842
40
45
584
459
921
997
769
926
932
638
656
592
930
423
652
265
539
229
680
71
625
462
223
816
185
482
501
10
196
215
931
207
189
589
585
124
58
733
754
266
699
7
119
195
9
41
629
269
997
270
17
138
818
148
429
436
10
73
991
684
262
38
300
376
30
454
277
92
50
995
815
670
563
29
125
186
383
610
560
995
8
163
632
562
659
918
302
274
294
446
641
481
821
854
445
937
206
965
53
597
776
924
189
353
3
194
547
130
93
798
999
414
53
525
11
985
575
764
774
253
753
914
673
545
835
646
304
362
166
409
299
869
714
835
711
447
692
659
245
639
525
687
322
885
294
990
568
623
628
711
714
932
145
224
185
131
276
163
265
362
377
999
356
221
647
597
270
468
641
573
310
898
129
728
602
358
329
203
900
801
815
619
165
147
940
703
272
990
950
378
488
582
211
992
655
807
871
445
559
450
573
674
943
804
62
336
133
497
355
779
4
418
226
68
501
206
546
255
135
251
386
306
761
210
757
463
556
621
533
675
185
172
901
99
33
145
163
390
741
780
779
752
534
663
817
183
95
968
121
926
876
546
361
173
234
660
790
843
744
681
596
277
4
212
345
783
841
255
551
310
903
620
176
772
839
758
975
361
42
891
234
1
962
27
957
643
28
227
904
581
654
119
942
273
401
471
607
315
430
245
917
251
619
250
18
261
245
748
194
284
838
405
653
179
758
707
300
681
334
292
146
648
113
682
934
489
685
527
658
732
724
266
294
132
573
120
238
220
597
192
302
250
280
6
218
989
15
689
481
763
414
91
13
565
58
648
43
247
902
845
378
231
461
967
423
234
730
467
208
279
724
582
353
514
536
236
773
868
641
181
210
208
664
586
893
685
113
314
660
208
48
772
327
210
712
96
71
922
749
573
196
604
974
902
292
118
258
726
16
928
776
67
637
204
182
769
892
408
953
926
764
830
716
628
52
972
467
319
341
11
355
821
360
517
195
786
505
24
944
609
797
7
925
101
588
46
30
318
215
504
977
590
993
493
873
501
972
415
870
881
104
180
630
641
678
536
62
183
507
184
663
303
237
773
585
758
372
317
868
404
51
756
752
920
118
265
441
36
786
932
416
558
697
411
134
993
326
604
840
433
750
301
90
210
70
554
268
436
484
584
8
908
490
716
106
541
229
360
694
897
120
895
271
814
857
907
328
996
674
537
50
320
370
898
778
380
958
724
168
971
417
515
586
247
463
299
171
899
436
612
944
475
139
251
754
729
981
713
741
762
558
15
494
91
468
819
160
814
332
834
368
451
915
132
986
964
949
844
789
70
217
850
867
769
127
693
468
62
273
421
196
830
231
4
429
984
559
464
16
75
102
690
433
466
217
241
273
305
707
694
790
570
253
887
286
33
191
85
79
816
340
838
707
607
758
100
492
373
14
177
811
325
403
395
884
179
278
531
942
355
322
881
446
23
279
47
325
302
829
270
488
358
153
915
269
493
514
976
36
564
890
896
259
315
963
300
578
337
528
87
456
811
706
253
549
650
68
334
752
359
878
33
959
42
583
422
795
903
117
22
661
328
470
162
22
545
883
335
240
366
776
49
396
127
398
717
832
863
742
368
35
315
7
235
978
750
379
134
739
755
939
540
444
443
120
453
490
489
320
956
739
74
989
75
476
51
114
754
233
361
538
852
327
214
61
356
562
887
453
641
606
854
143
543
843
12
651
554
812
842
703
334
986
688
840
223
344
881
450
487
436
572
304
492
956
668
81
325
479
227
975
420
738
307
232
23
462
576
309
527
807
952
768
909
973
247
354
40
95
493
522
898
542
638
956
802
970
672
682
417
6
478
94
453
269
178
998
512
115
4
766
636
8
721
767
345
509
826
564
956
740
224
254
757
477
45
687
56
262
32
866
548
259
758
975
956
488
433
616
152
597
796
774
441
89
959
360
518
194
647
158
847
368
428
51
679
729
751
708
786
705
636
544
977
5
826
434
28
173
997
818
418
17
151
118
190
471
681
967
987
418
352
471
509
897
764
944
863
654
379
784
124
799
559
457
26
410
667
852
44
295
438
286
703
616
276
263
894
51
814
848
366
400
377
892
382
16
474
169
930
707
604
37
904
878
805
492
977
529
727
84
208
835
425
404
839
647
833
654
226
193
749
773
492
322
178
499
797
320
423
617
912
446
301
448
539
561
108
837
617
265
43
976
361
865
589
475
332
387
703
53
290
51
659
522
765
404
235
411
242
125
83
786
396
78
905
422
764
778
288
998
726
236
992
982
541
984
966
501
736
29
712
913
480
665
265
31
694
710
782
872
848
124
330
645
326
707
66
840
280
954
442
380
547
35
948
73
235
614
703
839
607
930
798
88
690
614
975
591
385
544
245
462
126
557
609
804
373
816
291
911
298
177
378
767
231
473
455
985
300
319
470
904
67
295
835
723
528
248
880
146
933
462
846
699
690
488
249
565
616
575
132
728
90
327
624
349
782
10
241
87
29
134
846
983
531
212
641
56
222
300
900
305
262
564
879
824
582
845
381
55
336
92
173
993
752
834
464
777
696
485
412
318
375
580
939
323
741
254
972
915
880
186
468
684
458
518
376
244
376
427
590
217
866
147
31
132
701
937
780
145
980
652
124
356
837
183
286
830
768
224
334
407
569
900
718
540
933
391
16
757
310
631
288
68
397
718
4
710
360
75
701
61
157
315
724
484
821
841
839
577
200
630
944
321
934
253
105
520
10
296
476
404
963
620
98
537
893
423
982
831
231
328
531
406
254
740
966
5
239
886
197
336
408
608
958
975
397
462
295
781
38
727
916
723
594
31
179
422
543
90
287
500
219
484
69
566
860
440
674
314
982
326
947
603
270
260
724
700
144
769
928
444
637
639
896
397
565
938
13
872
447
172
963
23
429
208
696
720
442
603
622
994
994
387
622
845
299
413
986
733
61
887
667
816
121
205
766
273
562
316
330
739
697
828
320
368
558
755
483
37
431
567
963
162
236
403
816
788
99
62
356
292
809
774
444
469
629
181
293
357
202
571
478
859
487
65
539
463
513
945
3
746
934
629
990
885
453
797
858
708
133
51
332
975
482
187
582
630
878
237
859
595
473
295
478
650
875
789
485
227
761
578
492
440
762
111
540
334
976
394
667
726
578
819
138
446
475
68
575
820
142
505
63
686
340
516
716
536
44
816
294
421
387
351
767
308
99
159
346
104
859
974
811
998
732
337
148
639
124
174
476
242
171
111
781
667
839
952
731
245
666
366
236
75
85
774
307
950
243
933
288
485
81
912
820
222
627
741
69
640
885
484
71
871
873
826
532
559
654
408
393
350
51
45
394
122
170
948
431
874
322
477
487
56
300
167
829
240
284
398
870
202
214
803
497
963
252
984
896
241
416
607
37
526
395
253
814
502
484
619
952
820
847
511
957
462
616
980
797
715
599
261
87
777
73
825
153
205
459
788
59
557
56
872
301
149
51
981
207
149
946
895
638
135
354
715
770
899
359
321
617
958
73
984
445
848
436
613
217
753
259
314
39
774
181
745
114
632
912
790
262
266
823
111
404
158
547
651
38
231
932
428
245
740
636
15
967
956
813
564
120
216
743
44
342
425
286
64
875
847
624
895
137
640
404
364
815
803
682
997
537
936
162
176
565
931
400
6
233
179
349
112
176
870
269
687
326
540
584
80
950
452
468
386
2
513
39
65
833
127
806
631
116
916
587
191
746
575
892
916
30
868
428
406
98
71
842
612
583
455
566
170
839
720
947
661
51
744
525
825
372
828
154
420
752
585
898
473
726
480
578
886
450
498
947
952
268
39
351
860
390
128
417
545
188
31
221
584
355
383
85
752
878
891
251
305
139
368
476
949
328
503
320
822
929
159
6
926
221
186
524
64
991
666
580
347
870
146
402
910
659
565
656
419
404
123
436
759
515
245
749
288
178
130
278
661
763
453
923
267
664
967
606
465
110
685
926
918
235
838
7
108
989
181
135
268
483
40
167
996
496
490
715
90
334
954
231
71
79
317
714
382
155
526
218
275
135
65
994
687
260
682
963
40
470
403
534
198
174
667
122
277
233
404
470
185
244
662
904
326
73
457
746
773
414
917
117
835
77
346
846
98
258
758
197
261
44
359
28
762
850
340
665
377
387
679
513
704
666
6
958
39
532
767
34
674
252
578
878
173
709
370
89
695
384
583
781
441
883
863
622
881
131
651
565
641
614
823
456
146
719
566
195
687
407
534
363
940
828
808
670
625
448
724
349
89
690
651
585
566
324
719
68
270
976
406
324
872
733
156
94
376
534
936
597
807
720
943
332
980
964
592
560
327
988
145
581
267
899
915
141
427
472
71
254
351
619
434
438
603
221
525
36
559
489
166
679
332
925
256
360
832
367
300
327
111
77
967
376
597
950
699
881
33
693
858
383
108
731
789
22
772
262
875
945
347
918
756
261
344
292
698
860
916
995
353
266
50
939
386
15
27
85
752
123
76
934
738
45
865
339
670
525
625
24
166
839
120
586
428
413
986
869
148
484
908
687
896
367
119
287
985
834
841
311
819
776
839
143
214
184
662
748
122
66
465
578
633
556
420
797
651
951
263
579
59
448
991
209
368
962
295
343
73
696
192
687
884
944
58
693
235
36
809
539
999
720
300
118
198
929
438
229
477
107
710
614
16
798
278
367
586
554
66
992
14
322
997
932
630
908
130
53
412
855
868
121
111
369
854
534
653
868
813
155
183
693
418
820
915
54
158
371
527
341
376
861
25
992
33
71
403
420
654
17
419
751
353
975
918
79
741
233
265
273
985
258
436
661
303
542
106
509
123
55
779
191
790
11
633
63
528
987
675
643
790
102
281
248
884
761
937
553
786
759
461
118
611
539
571
576
843
599
914
407
483
674
816
325
437
339
235
850
573
117
855
528
376
495
56
458
506
78
595
404
172
155
422
520
939
93
330
703
392
198
529
53
602
173
452
187
253
191
579
735
712
99
325
323
1
270
865
731
664
39
143
939
721
493
870
755
891
343
981
524
259
808
223
540
41
51
854
126
837
665
451
854
81
920
219
183
514
3
749
473
758
71
277
467
678
916
77
425
35
501
681
241
601
988
325
624
299
303
18
5
246
800
751
967
943
850
936
526
863
130
86
986
563
447
38
794
155
163
421
978
818
458
553
935
918
85
630
332
830
189
807
144
525
287
848
966
674
561
771
86
437
329
959
616
588
80
585
817
714
525
396
667
571
657
625
855
226
12
147
834
70
69
265
272
772
127
887
832
895
309
29
138
415
313
717
247
872
633
829
186
167
740
306
532
539
939
526
512
584
703
403
470
492
648
885
760
377
169
387
193
26
421
3
860
388
149
697
68
41
199
167
600
187
342
932
597
853
495
610
637
421
899
8
165
440
813
756
668
660
99
868
153
677
501
216
15
336
674
237
151
379
535
205
206
622
151
308
349
791
124
146
123
585
332
636
87
674
283
65
244
379
972
893
450
164
170
224
480
362
281
498
851
28
457
168
508
341
210
11
786
383
479
142
990
367
311
431
884
41
977
791
550
353
831
72
24
821
314
654
511
594
784
869
972
382
424
881
915
997
607
38
533
260
366
432
234
616
442
166
422
920
37
812
373
97
11
69
643
29
338
652
362
122
2
19
390
419
328
327
914
673
207
185
834
429
862
681
265
197
208
272
123
221
799
763
162
165
713
589
502
887
161
208
618
844
230
798
38
299
256
179
342
727
933
920
624
978
599
97
575
564
823
260
8
48
81
924
621
143
889
406
469
595
57
753
174
251
340
925
947
597
818
514
566
114
175
327
345
174
598
700
983
321
854
616
496
31
586
122
886
546
913
58
723
25
486
993
729
727
875
935
305
456
510
355
180
797
89
272
713
857
642
334
245
979
899
972
279
364
329
709
320
706
907
460
929
664
115
72
88
847
922
248
379
837
745
484
790
723
598
363
837
869
559
423
489
16
426
385
132
576
914
72
966
78
253
444
888
722
669
159
939
709
930
982
278
388
918
270
796
688
984
781
310
489
760
890
630
536
780
39
377
790
542
799
391
448
879
969
924
276
438
804
68
781
279
88
692
353
835
492
751
426
518
593
353
924
916
524
327
617
938
732
55
855
333
110
459
592
513
544
835
386
656
395
508
603
140
435
492
115
676
602
634
1
948
663
586
732
44
3
545
44
108
582
957
287
508
432
531
49
592
943
240
881
681
381
305
155
204
280
342
653
951
708
501
187
474
78
665
91
861
246
874
894
196
605
175
451
911
139
85
395
15
667
911
679
282
405
901
180
865
789
570
93
658
365
579
548
636
188
297
654
467
760
138
463
534
909
811
490
932
208
508
714
693
180
427
304
316
951
826
756
328
917
198
885
355
837
358
738
816
585
398
312
114
779
953
758
210
815
705
659
25
13
380
358
291
394
551
317
469
586
263
6
38
473
456
418
388
66
678
505
783
293
7
387
338
346
88
309
414
862
100
503
951
920
714
655
19
418
976
359
762
507
211
808
331
278
316
748
181
338
900
480
426
70
837
242
409
466
633
902
751
267
275
429
997
882
763
322
434
14
819
459
658
151
885
990
983
667
847
812
282
637
217
314
240
64
172
975
55
691
819
568
79
625
909
25
827
472
724
726
999
434
684
531
501
532
807
942
256
247
882
346
716
929
883
24
973
533
540
77
304
137
391
27
285
927
466
963
345
914
401
303
669
135
575
545
668
176
597
457
669
231
462
295
463
166
690
527
462
597
79
909
580
435
392
742
779
39
941
593
995
386
373
489
262
812
583
401
32
70
519
534
504
824
65
268
55
510
615
768
636
803
842
516
161
154
732
797
789
507
711
831
720
160
970
824
834
372
796
413
567
501
991
133
968
148
309
710
662
37
649
107
479
349
172
52
367
231
444
682
254
615
397
465
739
982
947
8
881
382
842
736
783
715
339
970
596
473
952
909
96
411
389
768
456
322
246
383
472
970
342
686
83
84
984
477
875
406
147
23
368
387
701
849
318
187
577
811
517
32
358
894
441
449
821
86
713
140
947
355
161
691
777
487
949
443
903
353
75
163
398
204
982
618
699
962
573
282
862
788
41
829
815
886
136
203
420
521
581
96
10
804
841
587
730
895
487
874
496
568
102
579
283
827
91
141
777
528
48
101
284
289
937
623
754
52
288
482
173
796
480
900
353
379
169
987
891
680
537
399
839
27
910
702
424
341
777
510
805
395
420
161
507
874
307
955
223
316
279
367
680
724
212
981
312
73
501
124
251
563
201
983
736
51
509
366
307
19
767
621
249
465
858
83
914
690
30
285
443
558
631
89
241
688
107
777
307
421
568
374
652
696
281
327
295
799
305
999
346
783
817
138
150
557
544
867
260
189
594
415
517
888
150
865
740
366
40
934
949
609
426
911
90
731
937
190
54
302
97
498
81
652
952
817
124
30
553
502
401
195
98
729
70
52
569
183
654
637
413
196
576
554
910
651
497
154
211
538
690
403
271
715
695
865
854
855
208
331
26
18
809
597
489
160
842
166
456
14
162
198
45
269
957
958
451
268
633
145
44
879
490
408
105
410
389
19
274
258
807
29
877
772
539
363
241
934
97
225
478
614
25
147
478
81
28
362
875
321
86
948
899
442
562
256
131
286
523
637
684
3
323
498
537
896
318
854
929
527
22
926
327
296
936
18
725
709
803
820
696
810
112
818
353
453
447
464
759
926
723
889
591
903
134
85
482
598
383
750
87
588
190
778
421
170
632
988
806
397
687
309
834
910
328
438
791
575
883
94
431
314
232
109
584
494
614
157
679
17
603
195
726
77
163
676
51
323
230
833
908
76
362
301
640
995
884
952
346
394
693
618
66
114
878
733
398
197
980
362
599
651
726
687
658
106
110
313
561
421
27
949
544
239
688
264
25
404
262
897
266
817
839
742
263
989
847
881
821
792
74
191
698
800
708
247
262
465
452
960
240
743
383
982
96
27
323
506
949
849
480
535
304
157
346
419
493
630
490
596
800
546
823
869
278
36
582
549
312
964
205
15
888
787
843
130
176
293
68
738
277
812
137
985
884
643
860
311
567
792
231
348
247
153
874
578
961
300
698
494
77
727
773
553
634
104
90
256
527
263
489
793
528
697
910
727
880
931
221
380
974
676
335
557
471
378
103
668
207
652
112
284
715
75
496
835
819
955
798
186
235
527
382
598
106
601
986
860
885
344
97
736
131
590
703
264
500
7
127
627
170
727
282
269
339
860
545
796
779
777
677
986
759
272
593
616
841
165
132
645
542
995
828
7
227
780
859
402
389
972
372
291
328
937
30
691
439
785
205
451
919
111
709
78
913
686
340
751
651
747
9
572
865
35
492
949
459
539
323
504
73
541
482
191
778
841
641
297
590
930
796
192
341
976
609
119
318
373
846
605
635
160
372
753
702
882
636
64
756
507
732
453
437
440
171
375
118
232
808
753
905
667
875
537
184
865
863
273
530
834
879
488
805
919
643
779
664
954
931
345
269
901
864
362
471
618
564
412
378
312
46
365
503
981
708
144
100
575
867
477
837
58
370
745
634
267
910
325
151
252
79
978
756
619
249
341
702
870
194
502
255
276
721
59
380
129
729
216
631
953
749
593
8
175
62
847
475
30
172
204
390
666
146
785
703
455
214
345
561
149
457
554
856
488
525
952
86
300
851
552
214
780
511
73
371
652
997
960
802
939
426
478
868
593
725
384
216
162
741
461
490
53
10
720
196
568
957
383
746
530
220
416
558
924
666
310
335
117
986
234
646
356
126
982
42
458
334
546
907
220
267
398
173
610
684
532
500
324
526
419
876
66
350
446
380
896
142
746
180
489
103
117
161
714
282
430
987
514
55
847
621
758
52
243
209
493
296
760
404
789
182
40
39
27
879
262
296
41
963
156
788
438
841
31
439
115
758
888
131
3
814
913
236
75
359
797
791
632
598
32
63
525
112
8
748
887
710
455
851
361
986
639
844
34
756
786
313
704
963
157
769
929
241
367
195
927
435
194
500
78
621
493
981
573
99
998
405
195
256
2
518
421
109
464
314
705
835
165
368
826
156
225
69
312
1
329
113
481
225
90
681
564
82
814
495
624
369
615
923
957
522
68
231
769
750
640
758
11
959
177
240
448
637
900
191
958
896
888
616
761
512
9
827
413
80
56
425
760
366
572
524
3
868
295
415
72
288
64
344
606
655
647
633
724
659
433
351
329
700
712
462
999
687
593
79
374
281
287
363
2
951
555
96
168
722
731
772
24
720
301
591
32
13
168
392
684
640
846
248
123
702
397
727
291
799
923
345
196
225
354
728
874
407
533
105
663
494
351
848
289
624
41
173
466
997
112
39
937
994
84
800
915
690
189
909
542
140
164
837
282
290
892
155
215
939
987
917
775
294
139
269
224
807
452
159
949
137
730
691
586
875
991
418
369
314
61
350
830
676
850
310
746
759
333
784
685
853
354
556
603
159
863
771
808
830
741
917
353
693
722
67
331
382
718
316
476
974
591
158
898
213
858
335
68
897
746
602
122
426
390
546
220
260
880
584
273
103
947
355
36
757
929
99
260
519
46
418
800
119
849
800
473
215
217
230
543
284
414
526
931
412
219
180
315
64
23
790
168
915
301
456
940
535
393
592
418
429
663
334
689
739
802
768
273
175
438
241
856
697
405
687
405
584
328
124
59
918
187
654
434
206
231
69
765
281
252
529
925
240
590
566
859
879
616
202
183
172
134
260
730
706
806
370
853
98
555
645
434
250
387
429
883
255
28
390
340
495
989
417
467
228
678
449
38
0
704
928
548
383
828
292
946
869
517
770
669
368
901
165
350
473
69
202
651
102
735
453
814
890
677
825
560
561
178
637
507
630
708
188
663
687
586
460
730
48
395
609
972
212
666
63
772
693
989
226
66
987
775
704
707
29
5
861
652
914
259
401
457
291
889
966
99
716
994
746
723
376
134
289
5
55
90
630
68
313
149
714
153
655
827
554
513
910
402
312
737
172
633
362
712
285
602
546
385
978
170
671
998
624
220
836
490
668
229
565
831
795
800
779
728
285
869
514
477
588
338
119
56
530
527
504
781
945
596
165
342
36
484
73
554
719
994
618
346
331
746
915
775
513
935
524
338
590
297
252
591
963
321
741
988
626
35
547
572
751
547
352
860
655
85
623
206
636
607
588
947
328
753
325
973
98
155
52
962
980
428
74
429
54
391
822
324
520
313
155
531
799
331
547
254
666
737
122
724
938
373
847
588
378
868
659
356
329
146
915
146
791
223
506
110
420
294
602
508
126
313
683
663
147
458
238
298
1
250
675
528
296
582
759
647
694
152
772
966
527
194
174
451
580
546
746
925
127
494
147
613
761
95
455
181
182
655
414
811
279
138
409
362
328
311
756
864
263
851
9
810
487
449
913
238
702
947
144
94
437
675
129
5
240
773
153
832
571
491
301
114
926
748
9
531
260
961
155
569
285
563
573
871
321
217
412
364
822
313
231
99
66
517
474
539
869
846
600
619
630
303
93
5
89
79
147
635
329
851
652
255
394
906
923
95
866
195
457
654
388
180
773
817
995
794
587
387
509
338
587
883
847
4
423
91
959
995
877
181
557
773
200
714
661
508
4
214
657
220
75
984
988
831
987
322
510
732
463
563
903
250
865
143
176
436
594
236
178
2
847
408
577
475
799
527
243
456
570
655
678
439
593
660
627
888
207
721
687
825
159
977
632
920
891
534
791
46
157
806
752
515
27
117
407
317
468
409
376
463
310
64
174
47
837
53
135
494
281
688
222
641
147
52
127
51
628
101
866
195
950
517
713
57
99
235
633
719
652
586
502
373
372
194
514
928
78
634
536
596
685
894
778
642
584
693
428
944
144
666
626
299
51
51
4
453
625
635
842
935
128
55
4
792
373
843
944
39
120
824
121
855
654
209
698
223
41
439
704
698
348
228
735
385
126
78
648
944
242
563
48
585
921
318
375
968
470
100
409
327
733
295
195
935
167
987
409
773
588
641
594
724
278
703
465
227
450
962
935
197
306
307
269
914
370
699
289
165
668
408
949
42
909
515
361
96
543
604
515
409
56
20
726
731
61
297
303
689
218
946
516
73
688
866
160
828
22
829
785
609
896
134
277
701
134
612
116
691
159
342
362
123
728
877
145
853
459
870
830
534
647
453
449
605
774
595
719
747
93
215
237
683
556
268
533
534
110
217
233
219
910
966
374
547
57
541
376
246
336
377
616
910
429
277
968
731
568
967
770
420
140
976
349
359
512
990
446
453
737
161
978
200
908
697
679
423
79
14
132
102
797
181
24
193
858
678
404
958
556
48
419
442
200
472
887
35
546
54
69
8
119
137
61
173
415
994
376
382
956
990
420
159
133
980
199
531
504
496
176
148
535
87
657
997
759
96
261
608
895
144
634
318
53
149
185
723
261
971
685
277
846
900
536
841
941
912
31
4
614
15
72
141
735
0
862
503
137
508
529
232
287
903
536
532
878
654
196
264
313
952
726
534
816
660
112
501
787
919
564
622
155
939
947
377
848
338
49
741
145
991
91
492
251
70
944
941
766
172
499
657
309
591
844
551
651
36
559
65
280
319
759
737
502
772
16
289
59
576
241
196
991
134
332
273
291
422
275
891
140
96
317
623
842
548
874
294
227
672
472
186
846
823
454
883
776
983
531
817
796
404
538
83
365
134
926
142
364
383
356
815
302
27
423
106
948
543
139
509
514
996
100
124
461
160
806
791
256
113
815
55
236
591
948
499
611
65
467
164
149
696
471
704
451
273
439
670
348
789
919
631
313
340
125
263
149
532
599
729
235
720
623
943
641
501
577
89
599
454
932
147
807
118
303
896
539
930
83
347
273
656
696
257
79
64
65
444
856
487
999
872
276
123
483
682
538
976
106
935
52
691
484
887
848
223
874
460
985
315
514
92
481
558
842
490
731
520
194
624
519
339
10
727
531
307
952
81
305
214
11
486
449
969
33
107
450
933
175
551
321
361
20
875
27
588
584
277
95
920
635
525
309
307
575
924
893
583
642
259
782
514
402
677
213
42
452
46
198
955
885
578
657
166
193
41
692
324
646
243
377
760
647
473
289
949
458
356
492
859
245
444
512
964
752
560
348
227
699
165
547
606
732
12
355
207
126
614
509
923
121
396
490
568
171
668
585
233
687
46
432
768
79
982
646
716
721
323
252
605
179
45
701
43
126
43
719
476
245
128
56
50
805
447
552
984
176
807
129
155
828
108
272
476
474
859
739
440
44
573
212
627
399
661
420
658
977
747
383
596
758
377
890
33
787
833
812
351
308
875
623
268
525
415
375
325
924
462
583
484
365
100
362
310
481
218
961
416
79
127
346
89
589
314
608
795
976
873
891
230
249
738
522
512
797
285
368
811
463
557
253
459
917
194
546
151
236
757
391
402
436
826
522
99
96
334
500
224
242
442
881
905
912
776
864
241
64
221
598
403
375
491
433
574
748
352
643
468
605
289
455
362
688
369
744
742
12
580
602
645
236
896
221
500
703
467
348
704
116
302
889
259
333
137
304
647
78
82
240
20
798
715
190
690
517
260
322
194
694
396
659
169
882
964
124
80
592
318
289
132
248
416
736
44
565
831
301
567
674
17
464
422
863
709
372
420
238
215
981
984
786
829
644
607
322
37
376
840
811
359
981
809
184
15
695
975
443
410
883
348
716
882
450
698
413
462
33
485
116
841
893
866
542
998
666
498
740
130
600
781
310
582
356
786
266
974
80
794
272
776
938
453
862
709
185
745
765
328
984
502
812
610
759
173
544
442
79
686
568
804
282
916
855
789
187
780
183
775
204
653
294
874
217
588
604
961
174
224
631
107
895
461
407
151
632
715
88
964
7
8
222
330
733
835
821
306
890
86
769
247
48
56
746
317
114
912
973
477
52
718
255
896
306
947
512
375
94
836
578
11
915
399
318
7
146
108
392
326
558
650
108
118
310
781
37
161
166
359
421
203
674
346
800
498
297
458
937
499
134
941
381
588
871
142
787
989
199
95
736
172
968
646
85
547
182
436
647
233
183
748
494
176
484
874
418
604
771
169
329
573
212
369
908
208
426
811
700
143
658
572
442
487
238
36
668
207
813
352
267
108
176
981
341
502
569
922
530
973
49
770
370
795
807
894
792
369
512
212
64
679
245
459
821
574
173
433
273
828
911
389
861
428
246
923
296
855
456
448
877
53
545
144
964
582
554
545
502
783
384
957
71
198
640
257
163
769
204
991
980
270
798
294
976
387
138
468
949
864
855
47
714
375
800
47
115
135
463
339
123
329
995
480
965
398
764
813
813
803
466
818
900
127
682
977
551
162
660
274
523
169
477
937
794
138
885
428
508
363
179
717
963
229
947
292
577
633
157
618
968
804
884
763
837
788
730
269
957
192
395
182
511
68
164
231
280
420
240
234
606
846
331
551
455
670
683
756
718
932
435
463
240
995
456
416
660
580
446
273
394
84
411
895
820
885
644
860
56
621
929
267
251
56
147
799
682
940
944
866
955
293
77
189
979
348
156
312
350
638
226
234
256
328
289
38
534
161
675
757
956
784
95
981
286
102
16
933
257
952
738
122
904
559
867
549
182
327
72
953
785
635
172
720
564
416
342
638
811
971
24
986
681
976
982
70
89
425
567
63
767
934
632
303
519
379
742
193
543
221
675
61
69
801
25
592
131
864
271
998
285
813
80
830
803
408
363
535
158
305
992
849
269
194
327
22
18
255
618
304
831
826
262
858
734
767
419
458
624
202
314
481
154
329
832
173
734
656
463
139
116
908
160
745
782
77
276
645
159
532
407
915
61
436
800
915
212
939
465
590
83
823
725
941
829
263
597
846
906
102
207
992
504
808
263
178
359
740
194
555
169
652
906
115
166
610
129
148
650
613
937
999
203
89
755
863
838
440
273
199
929
147
779
179
920
389
301
506
141
495
317
419
54
406
939
614
724
633
128
256
19
384
660
476
543
345
947
477
579
540
926
392
792
970
271
631
551
620
669
927
190
360
858
326
410
195
328
914
931
481
70
704
446
961
65
569
794
644
38
578
161
38
915
960
714
139
337
146
327
492
964
596
308
518
722
384
589
235
192
437
866
740
600
605
781
794
327
834
441
854
205
837
264
144
375
914
630
954
42
530
310
984
707
385
492
583
757
934
162
442
967
192
502
597
791
616
298
771
249
496
483
524
152
826
780
543
966
246
919
165
18
971
972
516
911
756
471
541
879
892
951
830
617
688
729
621
860
157
651
246
574
928
607
24
748
176
712
531
62
139
170
150
508
636
636
112
366
386
7
369
965
808
912
986
215
38
454
909
236
682
67
792
407
179
650
737
528
321
444
704
380
972
722
296
986
972
319
147
898
352
371
140
9
5
516
851
442
242
98
833
178
924
964
816
361
919
833
788
162
228
163
780
997
969
635
990
837
655
254
910
827
822
698
877
190
484
900
703
209
922
189
725
333
62
204
819
123
794
897
567
573
551
825
121
176
920
254
217
240
369
934
438
56
123
209
858
422
742
728
785
88
766
815
717
463
479
232
936
770
528
567
176
182
862
173
1
884
555
578
770
495
399
422
36
631
426
540
820
665
255
735
236
544
984
146
17
725
324
607
262
720
447
955
102
935
486
922
343
434
797
334
430
242
139
632
949
119
277
570
748
549
388
398
359
930
791
420
519
806
684
82
385
346
610
401
255
406
875
965
823
752
791
104
683
214
877
191
357
64
680
579
624
692
916
855
170
451
7
843
69
998
604
449
312
19
535
458
573
30
718
284
246
653
742
272
585
884
661
598
459
531
845
64
532
882
420
154
476
252
920
331
85
285
642
895
431
328
157
779
654
72
337
162
772
632
168
707
283
589
672
197
184
163
29
205
863
830
673
588
806
455
644
538
555
361
60
740
114
254
952
656
914
170
529
651
35
157
312
850
898
577
503
694
841
827
395
883
228
456
651
381
529
884
942
181
126
893
302
614
199
649
8
112
114
178
824
902
794
934
455
259
3
65
782
120
699
909
326
159
939
242
459
443
268
567
519
198
133
390
331
402
398
359
17
297
746
546
350
735
432
6
144
554
130
695
872
913
535
771
334
945
369
62
550
451
765
802
168
875
400
305
212
820
676
754
610
400
958
530
893
284
415
226
109
250
873
616
204
674
545
215
235
816
759
256
77
900
208
406
542
154
313
972
303
813
450
959
950
483
90
157
776
456
263
260
477
178
753
714
157
104
695
59
459
688
610
667
118
954
233
641
57
828
291
773
902
21
811
270
972
567
760
308
538
573
815
799
286
815
904
433
585
386
749
646
680
462
579
946
612
22
230
706
17
85
45
490
551
380
939
818
858
14
175
403
66
832
752
673
479
157
822
785
170
55
399
287
377
957
585
819
29
194
952
905
554
304
407
253
196
687
34
790
647
942
104
822
78
582
879
710
155
749
878
305
508
621
995
740
773
113
382
206
838
152
762
596
883
620
710
93
339
891
273
674
948
357
220
565
455
21
230
963
770
835
837
5
346
210
575
504
383
421
803
570
669
880
12
281
889
29
249
204
403
971
623
808
557
587
952
304
920
73
886
97
210
946
458
374
303
863
751
572
996
217
249
53
989
671
391
721
549
665
942
783
952
753
469
578
290
100
903
480
470
989
914
234
250
836
976
334
697
240
532
827
70
0
279
669
615
696
609
413
141
708
378
393
925
332
586
400
921
623
115
805
439
48
786
122
95
275
526
213
838
594
369
30
594
152
59
186
446
175
789
140
798
902
505
922
139
46
284
493
129
625
995
80
945
689
847
270
591
73
626
599
255
614
598
922
983
631
241
328
14
272
950
265
257
516
542
350
774
882
176
465
94
41
657
349
920
31
618
979
289
815
320
199
566
538
945
17
73
225
957
763
222
627
149
598
19
313
524
116
540
236
939
571
58
729
880
719
598
268
257
180
487
732
52
868
207
473
157
234
619
957
172
132
402
848
77
835
559
740
483
520
243
665
331
976
377
411
874
387
636
192
622
351
967
544
270
383
984
857
445
15
956
692
89
654
190
300
787
316
605
209
676
318
633
106
961
844
70
723
312
504
50
331
676
999
158
698
491
961
699
985
827
473
607
940
749
10
652
435
755
638
746
971
477
242
685
27
211
725
68
678
528
645
908
832
89
117
815
345
517
264
481
618
971
102
394
187
647
796
697
244
857
909
223
345
566
157
509
139
575
387
887
349
187
773
297
952
527
427
824
803
972
49
980
734
553
873
583
789
571
73
206
126
148
860
328
552
435
247
386
405
962
312
844
598
755
984
240
47
381
790
364
274
726
263
629
977
802
450
245
440
945
797
973
285
254
691
28
214
550
300
249
485
300
697
166
471
279
821
603
481
612
774
192
678
748
131
184
857
722
263
172
94
297
919
229
554
710
288
692
580
384
477
477
704
259
89
748
604
389
329
875
42
454
283
439
638
126
61
748
827
77
888
558
647
784
176
422
645
644
621
628
656
252
512
390
723
586
650
849
910
66
811
39
457
406
364
451
469
999
547
191
188
905
698
397
377
633
246
95
92
209
14
509
251
745
971
423
835
580
279
175
787
380
580
74
273
489
123
820
915
832
174
334
992
325
155
271
101
783
791
236
86
810
155
289
275
336
406
267
789
806
697
335
440
683
667
585
127
407
64
523
77
721
496
68
857
822
681
988
884
758
861
276
470
955
621
365
346
494
887
573
534
521
485
844
344
392
511
178
856
754
475
128
325
271
550
69
119
364
893
912
849
139
509
457
19
867
152
632
28
463
990
837
525
920
764
250
543
630
61
39
163
412
298
333
387
246
841
517
666
864
936
183
122
781
796
753
891
429
287
638
534
745
565
997
987
131
238
487
498
429
373
984
891
801
413
632
661
747
688
968
59
161
457
311
251
40
510
350
353
795
170
591
989
209
882
922
576
540
80
868
529
554
155
783
208
976
956
376
238
675
518
817
722
651
99
721
303
858
916
648
601
114
841
545
825
953
672
315
401
307
15
355
347
641
801
150
70
681
516
156
828
361
156
762
21
353
780
846
486
425
129
262
398
48
304
215
728
407
306
11
117
19
945
367
137
373
681
63
291
953
273
221
972
759
728
692
856
495
75
123
582
792
970
619
210
31
734
792
403
456
443
948
975
738
591
17
572
792
847
114
289
461
4
39
550
617
150
427
270
794
677
385
738
643
986
936
818
672
639
660
228
43
292
258
780
411
576
691
95
509
883
861
715
508
954
913
344
996
867
459
577
475
822
636
609
495
111
688
39
130
423
512
377
997
938
590
624
161
936
212
50
457
329
519
937
807
328
708
667
800
984
961
741
172
86
404
673
251
995
513
854
822
426
287
773
321
315
274
925
976
28
282
853
309
434
15
387
255
42
766
250
218
22
585
354
594
847
282
993
391
101
877
458
703
599
233
282
29
240
988
980
150
517
462
539
849
965
815
812
677
614
136
490
117
260
15
744
782
177
973
587
706
121
941
535
188
342
786
397
230
502
582
936
888
455
222
663
176
323
707
360
447
231
420
699
119
454
583
190
189
160
981
608
613
15
996
310
667
306
528
297
246
628
746
823
572
378
587
143
109
401
679
746
106
587
919
212
529
923
633
544
871
627
74
44
672
177
245
260
531
361
459
941
171
87
299
787
901
392
424
519
150
57
535
185
392
789
702
844
326
652
211
337
863
39
910
669
119
852
588
794
523
135
965
5
44
917
123
805
535
560
945
958
536
873
167
469
630
253
921
756
907
890
207
608
603
450
252
863
294
299
896
706
893
686
231
746
734
562
943
690
213
405
759
418
283
74
448
773
242
204
916
329
235
324
934
169
368
363
82
709
8
672
339
585
417
828
577
907
2
711
986
981
225
327
66
971
297
910
750
811
702
908
645
111
359
235
688
394
168
965
688
755
34
247
770
562
94
6
742
552
941
540
519
904
467
114
876
305
842
197
248
57
828
321
912
611
914
258
112
259
290
674
798
571
639
664
643
674
857
276
31
457
320
17
704
370
432
62
329
250
584
300
118
801
186
605
940
888
428
186
494
199
311
86
10
621
441
533
170
674
978
950
655
198
853
794
373
198
688
867
296
642
355
398
51
614
910
478
987
426
426
23
848
180
83
838
830
97
359
507
958
778
366
161
188
428
870
258
731
514
505
333
253
329
635
952
127
627
30
983
133
205
44
300
772
913
301
812
574
192
34
734
47
853
192
805
642
66
797
212
178
678
17
10
575
628
969
703
378
875
755
498
63
126
312
508
942
813
765
739
678
48
365
891
256
461
958
705
788
112
210
794
602
220
809
626
792
301
571
209
394
343
664
473
841
336
474
577
288
263
511
261
840
319
58
320
573
217
251
399
576
725
424
763
646
14
822
764
276
154
275
509
841
26
392
717
293
514
84
866
958
292
379
426
839
197
784
899
888
529
250
132
734
965
939
567
150
274
930
951
82
301
467
799
105
722
252
892
961
380
413
150
406
52
332
224
591
452
618
527
835
192
84
757
301
182
661
292
71
516
458
384
367
912
498
503
443
701
735
916
125
393
847
619
15
677
273
46
732
440
874
423
816
518
388
271
74
12
991
31
605
332
774
275
527
561
337
859
663
663
872
761
824
904
770
669
654
503
897
511
504
863
645
497
403
847
134
554
308
68
88
358
992
460
770
527
823
662
795
855
650
410
328
204
168
778
362
222
305
64
109
772
877
745
579
763
508
455
143
649
585
34
617
247
466
147
326
491
104
382
44
775
355
741
376
862
555
152
499
31
620
314
970
857
174
376
325
30
959
917
525
855
225
94
712
820
853
540
446
653
878
102
62
685
703
924
552
121
377
589
975
484
764
654
600
839
842
990
80
235
14
813
339
26
123
317
530
547
568
555
175
88
55
23
767
606
134
653
452
59
555
471
85
901
885
989
506
642
385
789
42
935
742
668
607
769
65
212
346
388
486
472
837
492
981
31
791
661
256
963
998
564
709
820
713
861
764
218
460
319
94
887
24
657
913
400
908
828
171
