219
266
368
779
317
242
473
956
964
703
681
732
634
434
5
482
262
175
325
686
276
23
420
940
727
846
363
576
624
309
785
898
762
681
583
69
827
462
48
804
846
318
438
78
752
261
762
531
221
225
919
635
894
741
140
803
593
237
855
320
877
263
714
264
632
291
289
235
979
322
881
176
233
810
318
722
372
135
495
666
13
494
483
113
644
23
302
386
994
346
433
659
470
548
271
954
907
715
559
327
589
292
578
895
69
868
826
448
317
505
358
508
718
514
231
351
936
473
485
575
22
325
369
210
815
431
138
233
499
947
659
760
796
187
12
513
380
39
813
880
902
411
609
919
265
333
728
71
992
177
70
18
526
629
563
770
28
307
248
811
299
453
739
943
0
176
211
537
745
727
521
403
943
329
368
291
557
330
57
663
134
427
146
179
481
406
98
911
119
370
897
766
129
747
841
287
468
432
573
938
912
341
576
245
494
373
828
492
926
60
300
552
990
747
732
92
84
405
501
489
739
288
688
80
227
359
107
148
452
309
985
514
457
322
41
576
322
901
882
12
576
703
702
977
450
844
26
69
600
222
278
845
95
93
586
531
76
392
934
556
606
147
273
959
289
496
131
135
530
987
657
303
671
362
227
317
682
394
272
613
120
653
302
902
821
678
136
111
12
31
563
924
172
113
663
25
26
193
968
925
106
279
480
157
494
381
290
49
359
772
805
457
661
786
627
388
66
521
183
40
925
612
364
580
347
226
430
374
36
499
127
901
524
630
755
352
739
288
435
496
690
0
27
720
420
221
738
36
998
564
59
664
629
453
205
982
746
831
847
758
969
391
600
830
541
633
590
968
97
129
694
454
681
695
879
825
803
613
973
22
123
68
518
560
682
300
203
93
920
847
469
174
26
570
214
127
590
181
850
977
769
976
158
640
519
342
639
0
704
456
316
537
417
190
15
89
999
2
350
560
256
596
208
284
343
506
197
805
10
910
867
496
212
34
655
6
114
36
967
676
209
174
293
600
334
301
154
255
466
543
877
157
637
502
955
191
278
457
519
485
724
458
585
726
594
686
304
705
208
931
942
725
901
540
518
843
153
282
460
510
367
32
975
987
476
56
38
400
387
276
346
347
650
541
103
388
962
697
682
262
768
526
510
950
354
653
939
437
811
113
640
300
696
211
421
779
926
397
533
694
187
869
263
764
370
651
59
891
476
844
406
889
494
977
782
403
632
299
858
987
404
129
95
53
137
46
342
15
780
161
335
231
819
209
140
575
748
220
89
385
203
334
344
634
483
656
753
401
289
551
965
278
93
853
35
213
488
701
471
780
14
350
81
843
481
756
544
69
284
623
878
553
561
38
886
329
75
451
703
94
10
75
996
176
857
479
876
771
366
166
7
746
111
385
480
122
329
536
365
371
940
932
153
493
822
119
936
477
611
162
784
348
287
884
662
197
813
119
233
52
147
635
449
359
784
291
526
927
257
932
736
289
337
636
194
852
521
356
555
90
837
396
175
28
673
356
897
736
981
696
646
986
307
182
263
65
966
46
309
681
220
531
740
916
770
454
692
202
668
705
216
618
370
442
222
883
226
444
96
895
68
923
60
358
926
44
324
953
758
137
100
98
587
639
784
734
277
19
986
638
353
157
551
622
596
606
986
430
704
390
882
898
796
390
899
384
653
657
658
942
227
478
248
86
445
990
354
504
885
14
419
371
742
921
731
208
657
580
388
922
866
536
826
900
778
220
433
89
829
878
575
41
479
866
266
757
421
385
772
158
357
997
103
967
318
300
254
656
235
919
613
623
862
838
882
751
575
792
246
873
478
291
198
530
884
383
57
820
756
900
565
250
811
976
21
283
669
696
691
177
357
371
247
215
650
544
313
473
811
975
152
571
853
634
82
430
819
325
250
664
492
340
666
523
326
656
545
745
183
956
805
345
718
945
360
685
408
511
31
847
431
908
567
78
599
201
486
699
709
690
476
420
416
95
105
761
311
55
426
515
555
64
878
798
853
650
96
502
624
806
147
566
677
242
651
718
638
700
241
359
544
498
549
429
270
127
265
732
625
150
512
796
652
305
6
205
616
860
538
184
998
456
746
220
770
228
448
499
638
488
594
195
477
688
420
571
228
692
970
79
839
672
67
535
260
991
710
50
791
548
428
698
810
490
871
934
69
662
492
857
690
465
114
556
302
717
515
843
198
757
370
344
386
270
439
542
561
490
866
776
595
712
941
760
923
551
759
963
394
146
978
693
143
970
721
825
723
360
465
291
